5.457216660795588536e-01 3.991761458577352539e-01 5.510218806270572589e-02
3.801691087603017438e-01 4.160511554209473384e-01 2.037797358187510566e-01
4.483245704058694825e-01 3.488642432312842323e-01 2.028111863628463685e-01
7.302654788294397070e-01 2.250697034795234308e-01 4.466481769103676502e-02
5.816243358844589428e-01 3.060311813692235261e-01 1.123444827463175588e-01
6.873928297182401170e-01 2.721548367187215933e-01 4.045233356303834515e-02
5.186636823831505261e-01 3.458588263664244544e-01 1.354774912504249917e-01
5.230669269560861423e-01 3.368090897093878322e-01 1.401239833345259700e-01
2.598933783536205855e-01 5.773260087785514472e-01 1.627806128678280506e-01
6.236968802832906222e-01 3.021190004800194950e-01 7.418411923668992436e-02
4.335732785217408236e-01 4.417025054757863778e-01 1.247242160024725904e-01
5.862173805525763282e-01 3.477435232994569025e-01 6.603909614796671379e-02
3.844847895712846242e-01 3.519882396528478119e-01 2.635269707758675084e-01
7.541993727718310225e-01 1.887902940841882649e-01 5.701033314398068486e-02
6.147459817209702804e-01 2.922792756205251918e-01 9.297474265850444453e-02
5.898656522159938520e-01 3.713326460220782721e-01 3.880170176192779957e-02
4.013506987360981326e-01 2.999157089680075661e-01 2.987335922958941903e-01
3.184417647512109428e-01 3.954402291898790889e-01 2.861180060589099128e-01
5.729835407876920916e-01 2.806921266809531135e-01 1.463243325313547949e-01
5.557889966841135232e-01 2.814222300371471697e-01 1.627887732787393071e-01
5.490829709975825201e-01 3.939027632533028678e-01 5.701426574911448719e-02
3.185845324942376822e-01 5.047968078882161258e-01 1.766186596175461920e-01
5.502690939529462089e-01 3.334226213924263993e-01 1.163082846546272808e-01
3.791281805895451162e-01 4.828637350104176273e-01 1.380080844000373397e-01
4.910651143753761438e-01 4.293940290707147223e-01 7.954085655390923104e-02
6.785512534617063052e-01 2.764201770238855493e-01 4.502856951440821487e-02
4.610228998898436292e-01 3.958067708076087876e-01 1.431703293025477219e-01
6.321899002468513995e-01 2.518051719251607201e-01 1.160049278279878249e-01
5.431857601467303676e-01 3.696393643826103581e-01 8.717487547065912168e-02
3.432154566134930640e-01 4.731733474055638822e-01 1.836111959809431093e-01
3.839596109101454657e-01 4.880148564712819548e-01 1.280255326185725795e-01
5.648052808395238600e-01 3.845795486140010100e-01 5.061517054647507452e-02
5.872869267187809106e-01 3.509786305550939844e-01 6.173444272612510497e-02
6.466209102593385438e-01 2.856913458833709174e-01 6.768774385729055265e-02
8.170009038939606283e-01 1.290750471621107398e-01 5.392404894392866660e-02
7.021061520420979196e-01 1.607998936208994423e-01 1.370939543370026936e-01
4.087692728552975718e-01 2.862273880781108226e-01 3.050033390665916055e-01
5.390460838751784944e-01 3.837924328126448015e-01 7.716148331217674572e-02
4.290598064112335353e-01 4.644906111077468647e-01 1.064495824810195584e-01
6.311055366586797444e-01 3.060920566991208180e-01 6.280240664219921554e-02
8.917938199380280873e-01 8.225366022717225944e-02 2.595251983479955615e-02
5.516888861754453144e-01 3.290674231890619028e-01 1.192436906354926995e-01
3.779263255821829759e-01 5.164337780779494347e-01 1.056398963398676311e-01
7.995016510389042486e-01 1.869008269089906249e-01 1.359752205210514910e-02
6.899678323238276345e-01 2.680986491059733079e-01 4.193351857019902984e-02
1.675305165817960462e-01 5.360782418986812514e-01 2.963912415195227856e-01
3.700232526908277531e-01 4.875349073604176575e-01 1.424418399487546172e-01
6.516975380904810322e-01 2.728789314907267283e-01 7.542353041879215625e-02
6.099824180606601143e-01 3.209929093718684734e-01 6.902467256747157887e-02
6.203584951583364093e-01 2.557230232662233704e-01 1.239184815754402064e-01
7.908247567191782901e-01 1.432081505988699044e-01 6.596709268195184717e-02
5.963247177830814927e-01 3.169575783649422052e-01 8.671770385197639930e-02
4.915203505319119537e-01 3.747215799057041496e-01 1.337580695623839244e-01
3.700407721250787985e-01 4.216113167615975765e-01 2.083479111133235695e-01
5.437541286024909493e-01 3.744961015577901176e-01 8.174976983971908584e-02
8.393916962568627183e-01 1.406973448502880086e-01 1.991095889284930087e-02
6.447597835192655502e-01 2.274737565189153266e-01 1.277664599618190955e-01
4.238258142351846169e-01 4.656528688567198593e-01 1.105213169080954821e-01
3.501892494157312075e-01 5.313791178052000852e-01 1.184316327790687490e-01
5.627886457006929799e-01 3.639356115887734666e-01 7.327574271053366450e-02
5.245262721423744612e-01 3.080672275771904056e-01 1.674065002804350777e-01
5.788200115207992047e-01 3.225244112542338115e-01 9.865557722496691440e-02
5.605136317648823363e-01 3.033130324631979624e-01 1.361733357719197290e-01
8.174366946460730476e-01 1.577290476181209267e-01 2.483425773580584875e-02
7.491188189808024589e-01 2.174243883379026743e-01 3.345679268129489459e-02
6.635057430678802382e-01 2.870183808766879618e-01 4.947587605543181388e-02
3.177078408885144478e-01 4.837201310818013966e-01 1.985720280296841833e-01
7.698150614732992558e-01 1.966671969762406880e-01 3.351774155046004233e-02
1.555665927955449668e-01 4.510477081892519391e-01 3.933856990152029831e-01
7.614552845761939359e-01 1.757990769579079182e-01 6.274563846589817362e-02
4.426836169619788874e-01 3.472085652196911787e-01 2.101078178183299339e-01
5.511049032971336858e-01 3.030679883946476028e-01 1.458271083082187947e-01
4.543673755755726629e-01 2.855547195017358875e-01 2.600779049226913386e-01
6.130846197929863406e-01 3.342491848384137043e-01 5.266619536859996897e-02
3.788138840423562193e-01 4.595681464956163365e-01 1.616179694620273888e-01
4.519157390291032583e-01 3.808075751339346504e-01 1.672766858369620357e-01
7.558698613504279962e-01 1.894787823283854700e-01 5.465135632118646447e-02
6.240292492026500160e-01 3.170642163518672119e-01 5.890653444548273748e-02
4.874330130337719003e-01 3.498552919258476890e-01 1.627116950403803552e-01
5.037221603868438091e-01 2.736431526337619324e-01 2.226346869793942584e-01
7.579235625346386618e-01 2.027517744787563081e-01 3.932466298660482196e-02
3.483974594386025636e-01 4.562349828955299391e-01 1.953675576658675250e-01
4.918890248675718002e-01 3.357137449717196853e-01 1.723972301607084867e-01
3.861399213254840812e-01 4.869164809267514937e-01 1.269435977477642863e-01
6.428258238069260999e-01 2.810666505354952882e-01 7.610752565757862576e-02
4.699907943366942731e-01 3.746734517815781818e-01 1.553357538817276839e-01
5.767993572250055268e-01 3.261166493291975943e-01 9.708399344579697610e-02
6.696902419109446170e-01 2.292896099546685718e-01 1.010201481343868668e-01
6.845077483195831647e-01 2.156261164889233528e-01 9.986613519149348250e-02
4.750481417414660901e-01 4.075092192931614177e-01 1.174426389653724784e-01
3.701956561509018306e-01 5.143509564581604243e-01 1.154533873909376757e-01
1.820491692887430124e-01 6.538978398061655595e-01 1.640529909050915391e-01
5.879453272188420732e-01 3.277460832891161413e-01 8.430858949204184105e-02
3.296405102362904849e-01 3.368266597845628318e-01 3.335328299791466278e-01
7.601807131873900003e-01 2.087627450035445531e-01 3.105654180906548475e-02
7.475454645999307646e-01 1.797685774428001704e-01 7.268595795726903730e-02
2.757599094776148618e-01 5.257282879950007093e-01 1.985118025273845399e-01
3.681568411301737176e-01 4.025261941758946360e-01 2.293169646939316186e-01
6.244301875283156944e-01 2.946892975797621994e-01 8.088051489192216170e-02
6.086153171552439733e-01 2.641016155740660842e-01 1.272830672706899424e-01
3.381866290705641265e-01 4.727712801222847538e-01 1.890420908071511474e-01
5.180784006249964380e-01 4.122039576962517327e-01 6.971764167875189877e-02
3.573107750496440360e-01 3.977303346565644326e-01 2.449588902937915591e-01
4.939237509032121665e-01 3.738711926062693314e-01 1.322050564905185299e-01
1.794841204632436626e-01 3.818780563878012013e-01 4.386378231489552193e-01
7.948309264739338298e-01 1.881447419285489087e-01 1.702433159751727890e-02
4.463804419991015959e-01 4.778777963962951292e-01 7.574176160460341367e-02
2.777559647162916590e-01 4.563341877975323202e-01 2.659098474861761319e-01
5.562579153972770918e-01 3.614523696746167469e-01 8.228971492810621680e-02
5.957697516411066818e-01 3.634463384020544252e-01 4.078390995683895542e-02
6.127352304923471271e-01 3.004050821323742682e-01 8.685968737527860473e-02
6.986161846020512156e-01 1.904064861976276779e-01 1.109773292003211065e-01
2.602568667627730425e-01 5.743578695868487571e-01 1.653852636503782003e-01
5.054327898859275470e-01 4.407601231908069295e-01 5.380708692326553744e-02
6.036496960410463464e-01 2.986843232551780192e-01 9.766598070377587038e-02
6.158420125151662372e-01 2.999446818227186617e-01 8.421330566211503166e-02
6.047316713722903359e-01 3.156473901708874430e-01 7.962093845682222115e-02
4.834315850250899271e-01 4.263902154747125084e-01 9.017819950019745345e-02
5.225982950342779043e-01 3.034896028691729253e-01 1.739121020965492259e-01
6.552120165637670413e-01 3.080117802396192817e-01 3.677620319661373954e-02
6.056726035445616496e-01 3.077832525353864090e-01 8.654414392005180257e-02
3.332038506072638184e-01 4.202104078445002000e-01 2.465857415482358150e-01
5.883893255031135139e-01 3.397962402934082693e-01 7.181443420347824458e-02
6.239289326557715398e-01 2.979359239897247380e-01 7.813514335450380544e-02
6.966501013013910448e-01 2.773641224246425341e-01 2.598577627396631701e-02
6.359422138928945145e-01 2.579171865631124105e-01 1.061405995439931860e-01
8.325651652725853946e-01 1.197760180115018946e-01 4.765881671591271768e-02
1.946545934021240154e-01 5.423040524472415580e-01 2.630413541506345099e-01
5.598188512277049167e-01 3.705439724753567532e-01 6.963717629693827460e-02
4.710923429016628527e-01 3.885833880143921282e-01 1.403242690839450746e-01
5.582522820068606118e-01 3.770637714173711852e-01 6.468394657576823081e-02
5.478591891701299899e-01 4.099643558158605483e-01 4.217645501400940633e-02
1.959365274821433245e-01 5.962278042938146116e-01 2.078356682240421194e-01
6.094226354358422970e-01 2.739424841467084093e-01 1.166348804174492937e-01
6.109031826262401044e-01 2.316407251930435729e-01 1.574560921807162117e-01
5.268634232643568671e-01 3.562937653948419769e-01 1.168428113408012392e-01
7.266056127520625907e-01 1.873659534776017099e-01 8.602843377033567163e-02
3.875348919822497740e-01 3.816724016168493439e-01 2.307927064009009099e-01
7.129056184194315637e-01 2.480623637298580153e-01 3.903201785071031688e-02
9.114474132194009259e-01 6.893889758342049146e-02 1.961368919717874915e-02
4.318870773448866274e-01 4.451363676346922205e-01 1.229765550204211799e-01
6.080648561578596567e-01 3.296212602931570812e-01 6.231388354898324128e-02
5.770942928846344300e-01 2.787810898067323295e-01 1.441246173086332405e-01
6.045567247145599010e-01 2.584662592441805407e-01 1.369770160412596693e-01
7.452402183466175778e-01 2.203888946731935583e-01 3.437088698018886390e-02
4.682209030046510789e-01 3.943181401582355194e-01 1.374609568371134571e-01
6.330418961424094659e-01 3.134735208801994744e-01 5.348458297739110134e-02
5.810844807418961144e-01 3.314306140861062455e-01 8.748490517199780658e-02
3.791799068298637443e-01 4.319321967120429151e-01 1.888878964580933406e-01
6.086455016762049031e-01 3.556812495698105647e-01 3.567324875398440731e-02
6.903587086695361918e-01 2.681982123283105368e-01 4.144307900215318113e-02
6.141790149323218539e-01 2.682870153564134164e-01 1.175339697112647158e-01
3.382442897926229985e-01 5.595298342101687750e-01 1.022258759972081710e-01
5.829977662137924010e-01 3.691370444516677840e-01 4.786518933453984270e-02
5.962364860332978189e-01 3.322282370203660795e-01 7.153527694633605993e-02
3.355186343763830181e-01 4.588881315800931171e-01 2.055932340435239203e-01
3.915891320282516852e-01 3.986741825988093235e-01 2.097366853729391023e-01
6.989732758532789525e-01 1.745429534761255563e-01 1.264837706705954079e-01
6.666498622442466049e-01 2.524258564615350364e-01 8.092428129421820604e-02
6.796938489000031725e-01 2.821123400063311748e-01 3.819381109366558336e-02
4.540592382045886555e-01 4.511994873023347230e-01 9.474127449307673254e-02
8.293645990197139328e-01 1.429544001454094160e-01 2.768100083487659221e-02
6.456726041673880312e-01 2.593006362258906683e-01 9.502675960672125888e-02
6.770226238067892366e-01 2.064194946798519337e-01 1.165578815133588575e-01
5.332413806683978796e-01 3.152993506422337999e-01 1.514592686893683204e-01
7.992264733717702185e-01 1.501914110845417039e-01 5.058211554368815394e-02
3.773020921997005672e-01 3.378084116565269190e-01 2.848894961437724027e-01
6.175091578950130389e-01 3.140546896325949189e-01 6.843615247239205612e-02
5.909813682205348195e-01 3.126213289557842612e-01 9.639730282368090541e-02
4.598315628917397091e-01 4.799140349006379980e-01 6.025440220762225130e-02
4.036385215670414417e-01 4.435474679196796388e-01 1.528140105132789195e-01
3.644494023332079946e-01 4.444849905238268950e-01 1.910656071429652214e-01
6.634577777928908349e-01 2.786885847274779837e-01 5.785363747963120917e-02
2.447362637340209646e-01 6.050617965998017489e-01 1.502019396661774253e-01
3.181674548454019313e-01 5.598635862920798845e-01 1.219689588625182536e-01
5.238610428278994702e-01 3.676637419545426000e-01 1.084752152175579853e-01
6.536421385913951942e-01 3.093642392437344624e-01 3.699362216487041971e-02
7.273195827748413222e-01 1.766634097288650174e-01 9.601700749629372977e-02
4.742877135572779457e-01 3.823563813358947239e-01 1.433559051068273305e-01
8.269275044622519388e-01 1.546045083232862050e-01 1.846798721446188049e-02
6.647037690086426975e-01 2.720939345096015649e-01 6.320229648175583470e-02
2.321597978545811569e-01 6.258213516663106990e-01 1.420188504791081441e-01
4.167836596513418979e-01 4.160212112511333382e-01 1.671951290975247084e-01
5.462847298644547545e-01 4.206520442601380805e-01 3.306322587540710262e-02
4.611053196635757634e-01 4.415773431521407000e-01 9.731733718428346724e-02
5.921784560315028756e-01 3.048165693921537911e-01 1.030049745763433611e-01
5.926459118640258206e-01 3.321369653502390107e-01 7.521712278573507160e-02
4.260704806716840154e-01 4.677605168657500978e-01 1.061690024625658174e-01
3.342029425594048586e-01 5.078056952477445485e-01 1.579913621928505651e-01
4.144205737958865932e-01 3.510243991459200963e-01 2.345550270581933383e-01
5.245683321836519530e-01 3.145807758705986834e-01 1.608508919457492803e-01
5.733506893162858553e-01 3.231521754530144452e-01 1.034971352306997688e-01
4.615563860201908897e-01 4.447215210371028293e-01 9.372209294270618385e-02
2.736815355983589493e-01 4.790333445169969728e-01 2.472851198846440501e-01
5.498328939941178328e-01 2.990422718828182336e-01 1.511248341230638503e-01
3.967716644288308281e-01 5.092659448771634789e-01 9.396239069400572075e-02
5.189729827349213176e-01 4.094686064346485521e-01 7.155841083043019968e-02
2.656454511504915961e-01 5.021822005495936159e-01 2.321723482999147881e-01
2.827265025160424217e-01 2.776328048701235396e-01 4.396406926138340943e-01
5.542155419702853303e-01 3.331052700318634097e-01 1.126791879978511074e-01
5.675123923704773476e-01 2.415250143476981859e-01 1.909625932818242999e-01
5.345538390796662487e-01 2.406688318488715006e-01 2.247773290714622230e-01
8.766156878225305205e-01 1.144271076623489675e-01 8.957204515120525956e-03
6.782553033433634804e-01 2.560346984978671969e-01 6.570999815876932271e-02
5.813361757825118437e-01 3.187046276105739429e-01 9.995919660691406083e-02
4.756924594295307007e-01 3.502768990801867766e-01 1.740306414902826337e-01
4.218172963926612451e-01 4.249333814884805327e-01 1.532493221188582777e-01
5.541255314305540969e-01 3.630504604877203834e-01 8.282400808172560303e-02
5.729999101567037068e-01 2.712041680839674118e-01 1.557959217593288259e-01
5.111609664789908969e-01 3.661227048576175536e-01 1.227163286633915079e-01
4.502854624918538606e-01 4.196425303459235256e-01 1.300720071622225860e-01
7.359623546050666487e-01 2.027237177851053118e-01 6.131392760982796314e-02
6.848880235271171957e-01 2.555439389550944185e-01 5.956803751778831646e-02
4.125914950940235415e-01 4.460909191999017920e-01 1.413175857060746665e-01
4.979721527750184951e-01 4.537617770970764353e-01 4.826607012790513213e-02
5.809165644405293039e-01 3.428188943435751534e-01 7.626454121589566759e-02
6.693229721437077284e-01 2.353163307650011637e-01 9.536069709129117722e-02
4.707951518047917561e-01 4.451490681910080793e-01 8.405578000420030338e-02
5.905738175212281726e-01 3.544858168667765486e-01 5.494036561199528573e-02
7.693917582803528887e-01 2.053268695194005733e-01 2.528137220024652063e-02
6.002883568233894351e-01 3.330945395798249331e-01 6.661710359678575666e-02
6.137600791875377215e-01 2.909555308828605802e-01 9.528438992960169829e-02
5.518019022054475586e-01 3.839042627630052662e-01 6.429383503154713353e-02
3.478701425472792153e-01 4.311817773026269673e-01 2.209480801500937619e-01
9.139248520053043778e-01 7.586651256176904501e-02 1.020863543292661359e-02
6.589084609418276450e-01 2.641579804858517622e-01 7.693355857232057893e-02
6.066631046778487857e-01 3.512418765574241153e-01 4.209501876472713372e-02
2.251676349434285906e-01 5.150082024405447934e-01 2.598241626160266438e-01
2.829684936381535731e-01 4.912169116572050465e-01 2.258145947046414082e-01
7.968856345962327392e-01 1.869005981615591283e-01 1.621376724220802146e-02
7.725649439980913913e-01 1.790253961925418469e-01 4.840965980936676183e-02
4.946779228003871931e-01 3.005706194103462958e-01 2.047514577892664556e-01
4.322199451799449421e-01 3.624797221331312880e-01 2.053003326869237144e-01
5.832316340843750613e-01 3.538067358973117082e-01 6.296163001831321659e-02
6.204140678269075559e-01 2.871849248072325667e-01 9.240100736585991903e-02
5.204834088518001112e-01 3.257572630209494835e-01 1.537593281272504608e-01
6.405122641662651661e-01 2.595654715191933470e-01 9.992226431454145907e-02
5.191831026919936365e-01 3.437608359670238367e-01 1.370560613409826101e-01
3.417652138908321979e-01 4.521632882772428363e-01 2.060714978319248825e-01
2.175593721075756992e-01 2.664105908098377551e-01 5.160300370825866567e-01
4.236131329030530246e-01 4.812265959559438033e-01 9.516027114100319984e-02
3.468456444668397420e-01 4.540130485330965970e-01 1.991413070000636054e-01
6.083831806565301870e-01 2.890517541160808612e-01 1.025650652273890212e-01
4.528103656377668318e-01 4.437581640915795322e-01 1.034314702706536082e-01
4.598369690063255355e-01 3.656554135258653915e-01 1.745076174678091008e-01
6.499728730087449557e-01 3.246711344987970871e-01 2.535599249245793288e-02
5.474029935485597020e-01 3.346543891121450676e-01 1.179426173392952165e-01
2.858346060758727436e-01 5.417748300307811959e-01 1.723905638933460049e-01
2.377400547312524814e-01 5.441511392860789442e-01 2.181088059826686021e-01
5.427064981919023090e-01 3.656274674082777287e-01 9.166603439982003165e-02
7.267806501095317451e-01 2.114428802405267649e-01 6.177646964994149698e-02
4.563869424174938350e-01 3.172548702940786725e-01 2.263581872884276314e-01
4.191256753196229701e-01 4.601677944049354929e-01 1.207065302754414399e-01
4.999424933673437543e-01 3.814421157053464739e-01 1.186153909273098134e-01
3.106205893121899986e-01 5.067902526498713200e-01 1.825891580379386536e-01
4.656827122747536629e-01 3.327096107593104923e-01 2.016076769659360113e-01
3.058579422034029549e-01 3.949220630079378069e-01 2.992199947886591826e-01
6.537558689059601580e-01 2.776890740263042168e-01 6.855505706773575014e-02
5.461670323213351219e-01 3.591117529524136542e-01 9.472121472625123773e-02
5.006161727011535501e-01 3.071008302828189263e-01 1.922829970160276070e-01
7.849950807670940112e-01 1.732766364993097441e-01 4.172828273359621698e-02
5.794677040712287175e-01 3.487979131089004592e-01 7.173438281987085108e-02
3.330101433272397715e-01 3.842835113149453141e-01 2.827063453578149699e-01
5.418319030423911498e-01 3.480350342344378789e-01 1.101330627231708464e-01
3.118401948227679243e-01 4.320584272890334310e-01 2.561013778881984781e-01
3.105916256918217488e-01 4.876714319858903024e-01 2.017369423222879765e-01
7.973824794231777480e-01 1.699336235657566141e-01 3.268389701106567263e-02
5.846033698462007600e-01 2.877530072421374818e-01 1.276436229116618137e-01
3.829784167238017845e-01 3.522361049062511795e-01 2.647854783699470360e-01
4.780347106837822269e-01 4.788006465465319828e-01 4.316464276968570712e-02
4.154478768924862453e-01 3.924511146442106191e-01 1.921010084633032189e-01
5.330511879916193241e-01 3.720247926843849307e-01 9.492401932399571751e-02
7.186427294259211118e-01 2.005775869269224021e-01 8.077968364715643057e-02
4.393000552773730916e-01 4.066369980687468133e-01 1.540629466538800396e-01
5.847359729838987885e-01 2.906805734526536900e-01 1.245834535634475770e-01
7.830911602131348515e-01 1.982861860567985135e-01 1.862265373006674954e-02
7.890395652853300357e-01 1.311771276207487902e-01 7.978330709392120190e-02
5.890106697978904071e-01 2.828682598173239415e-01 1.281210703847857346e-01
7.638291615254578781e-01 1.628002655000098942e-01 7.337057297453238036e-02
4.391365774344547224e-01 3.614428281714088809e-01 1.994205943941364523e-01
6.862242048860116572e-01 2.632310607993900708e-01 5.054473431459823030e-02
4.650445875778593807e-01 4.282591948502219581e-01 1.066962175719187028e-01
6.440958081340699692e-01 3.195963211787407054e-01 3.630787068718942939e-02
3.500435899225910474e-01 3.582104015298661071e-01 2.917460085475426790e-01
3.227283237459679932e-01 5.544528111547883942e-01 1.228188650992436542e-01
7.054377922355830055e-01 2.366104619383319341e-01 5.795174582608501879e-02
3.187507187142556986e-01 4.572287825259721550e-01 2.240204987597720632e-01
5.763963676329034724e-01 3.240211510683011498e-01 9.958248129879536392e-02
5.426860342809964877e-01 3.641382863800089464e-01 9.317567933899448263e-02
6.063920431783555998e-01 2.694064753183944005e-01 1.242014815032500274e-01
5.108989630277904759e-01 3.314088567510196648e-01 1.576921802211897483e-01
4.180220827585998666e-01 4.503851279623500292e-01 1.315927892790501319e-01
3.783703321554302557e-01 4.566613039939328433e-01 1.649683638506368732e-01
5.005764252436883943e-01 3.262085612990019978e-01 1.732150134573095246e-01
4.990304155504795003e-01 3.888578239757434774e-01 1.121117604737769807e-01
6.474763911095571256e-01 2.624409822512803747e-01 9.008262663916255519e-02
5.614648992387206716e-01 3.802516947610597997e-01 5.828340600021954948e-02
5.252627980951126707e-01 3.977412114244550101e-01 7.699599048043243021e-02
4.523690290813803250e-01 4.221471253703198423e-01 1.254838455482997495e-01
6.011413266621317142e-01 3.252137023551359141e-01 7.364497098273244113e-02
4.443844272330568224e-01 3.384813864366797431e-01 2.171341863302634623e-01
4.223805242539361848e-01 3.842368883512587430e-01 1.933825873948051277e-01
1.945510241797171469e-01 4.463568037679683798e-01 3.590921720523145844e-01
4.750032559339433247e-01 3.312096716529702722e-01 1.937870724130864586e-01
5.604377750019751137e-01 2.980287860874469841e-01 1.415334389105778190e-01
4.760547979474485936e-01 4.110664657656166732e-01 1.128787362869347888e-01
7.006293415208324493e-01 2.599438096634418272e-01 3.942684881572561945e-02
4.159398664127380019e-01 4.312248000940543391e-01 1.528353334932076313e-01
5.044762923716603620e-01 2.153805709270379676e-01 2.801431367013016427e-01
6.890412343012470853e-01 2.263148593988278112e-01 8.464390629992506188e-02
6.235115401229303078e-01 2.706804416300477856e-01 1.058080182470218927e-01
6.482225298149122406e-01 3.120165275032717456e-01 3.976094268181600000e-02
5.809445804951182124e-01 3.504654257987309118e-01 6.858999370615088964e-02
5.174323981269338679e-01 3.989319119097698429e-01 8.363568996329630301e-02
5.469281512546051438e-01 3.507592568304597203e-01 1.023125919149351915e-01
5.271695399283419237e-01 2.924214309802674605e-01 1.804090290913904493e-01
6.116822417238806375e-01 2.868576638380785360e-01 1.014600944380407849e-01
7.105127549352028282e-01 2.429832971153638166e-01 4.650394794943326499e-02
3.662761496122295402e-01 4.732616234969612701e-01 1.604622268908092453e-01
4.097440345650740223e-01 4.880522632519729842e-01 1.022037021829529380e-01
5.423110037681091455e-01 3.256541787722633807e-01 1.320348174596274460e-01
2.216375664558355718e-01 4.560799287011602643e-01 3.222825048430041917e-01
3.482929181927439388e-01 4.165224833034675833e-01 2.351845985037884501e-01
6.295572546054337693e-01 2.338370772408993326e-01 1.366056681536668704e-01
7.023817406677113073e-01 2.329942563889646212e-01 6.462400294332387718e-02
5.736548592008114955e-01 3.289277274168298515e-01 9.741741338235854197e-02
5.491507651558178438e-01 3.902172904572689394e-01 6.063194438691323768e-02
6.246982741511443171e-01 3.006401099860651072e-01 7.466161586279058959e-02
5.189618075367274930e-01 3.660674048760869659e-01 1.149707875871854856e-01
6.187881246291038195e-01 3.241233279499653452e-01 5.708854742093078666e-02
5.625556983920989573e-01 3.150483222473660083e-01 1.223959793605350621e-01
4.709582048592932391e-01 3.736750767517816874e-01 1.553667183889250181e-01
6.424494620042312532e-01 2.894319906961749789e-01 6.811854729959375410e-02
5.504211820179215620e-01 3.626766304593261880e-01 8.690218752275238878e-02
6.617559680911830888e-01 3.020428975539051208e-01 3.620113435491188053e-02
4.475908191797345337e-01 3.084240870292425662e-01 2.439850937910228723e-01
5.933863738517469733e-01 2.935999866816626502e-01 1.130136394665902655e-01
3.654140793132860665e-01 4.752611276096868620e-01 1.593247930770270715e-01
3.872553603865533378e-01 4.217700439067568752e-01 1.909745957066897870e-01
6.243827686257582554e-01 2.314537713728832546e-01 1.441634600013584344e-01
6.060576183640343784e-01 3.172524969301190878e-01 7.668988470584667261e-02
3.456655399125386219e-01 3.843055922707903638e-01 2.700288678166709033e-01
1.913050308249254483e-01 5.726374634780835304e-01 2.360575056969909380e-01
6.082344217507156259e-01 3.186874534846568241e-01 7.307812476462752227e-02
5.805421153232694920e-01 3.422207703181180949e-01 7.723711435861245478e-02
7.272089293427713708e-01 2.271174600793428311e-01 4.567361057788574957e-02
5.869492972112649865e-01 2.817769372545192996e-01 1.312737655342156307e-01
2.587223870987191421e-01 5.476905962429086117e-01 1.935870166583723018e-01
5.282408106520164459e-01 3.108774398155444985e-01 1.608817495324388891e-01
5.485134690820354653e-01 3.344635163585107374e-01 1.170230145594538945e-01
6.406326813690671473e-01 3.234309495444453453e-01 3.593636908648742412e-02
2.601164403527101987e-01 5.663445157523632201e-01 1.735390438949264702e-01
5.570509452445365772e-01 3.521794314405004567e-01 9.076962331496299385e-02
6.374599315567897051e-01 2.526742027616277753e-01 1.098658656815825058e-01
6.634795321628907949e-01 3.005910786182840466e-01 3.592938921882513764e-02
3.385987893653277792e-01 5.114309779718578808e-01 1.499702326628144233e-01
4.686058042762499820e-01 4.301077544275675457e-01 1.012864412961825139e-01
4.282243746157725073e-01 4.444213559848383954e-01 1.273542693993890973e-01
3.986264924844226676e-01 3.324463284398364582e-01 2.689271790757408742e-01
4.373994234136020509e-01 4.773001703982407973e-01 8.530040618815705467e-02
4.178588994114314503e-01 4.358117154586505504e-01 1.463293851299180548e-01
4.092287206336183703e-01 3.976372452739260765e-01 1.931340340924554699e-01
7.079395371326653308e-01 2.384948940786151550e-01 5.356556878871952809e-02
4.759491175280818331e-01 3.660974629038854511e-01 1.579534195680326325e-01
3.160886223663928463e-01 3.449225677136237289e-01 3.389888099199834248e-01
5.643814755239072722e-01 3.457932865903832198e-01 8.982523788570956347e-02
3.614426938198038175e-01 4.588249287256536135e-01 1.797323774545427078e-01
6.777103857030526424e-01 2.608262520166848564e-01 6.146336228026239717e-02
6.033956445121504419e-01 2.979548578865486852e-01 9.864949760130081735e-02
5.456906874321915124e-01 2.800797062210739208e-01 1.742296063467344558e-01
5.123025988925546947e-01 3.857805005394072118e-01 1.019169005680380657e-01
1.358285117802752462e-01 5.030287845461722807e-01 3.611427036735524454e-01
3.244397698517634265e-01 5.521081814247227326e-01 1.234520487235138547e-01
6.713595445720624832e-01 2.282540263713938034e-01 1.003864290565438383e-01
4.952177987194928965e-01 3.453344725363046708e-01 1.594477287442023494e-01
6.197034440914348519e-01 2.946219441829965313e-01 8.567461172556874172e-02
4.895898532098281186e-01 4.356526655702159245e-01 7.475748121995604012e-02
6.931060649496141313e-01 2.139278916361711802e-01 9.296604341421464690e-02
6.588558091024019348e-01 2.732494450813349740e-01 6.789474581626295246e-02
5.892598258064144501e-01 3.362684858963747581e-01 7.447168829721065308e-02
4.129206682585894739e-01 4.394261106716790821e-01 1.476532210697314440e-01
3.740333946791766784e-01 4.286231002085041375e-01 1.973435051123192396e-01
5.681112732883990546e-01 3.498651654849747050e-01 8.202356122662607385e-02
4.413015273269984551e-01 3.059397776982066830e-01 2.527586949747948619e-01
5.601883761348589452e-01 3.661199193266448937e-01 7.369170453849616109e-02
5.696665396525050218e-01 3.347526602235149640e-01 9.558080012397988934e-02
4.648745786816835257e-01 3.460700379367928070e-01 1.890553833815236673e-01
1.702089540918654276e-01 3.592930285208311703e-01 4.704980173873035132e-01
3.920345079077713901e-01 4.464927109141462180e-01 1.614727811780823086e-01
3.637599631884202989e-01 3.988284828384791036e-01 2.374115539731005142e-01
3.620987080351856791e-01 4.221613754711200928e-01 2.157399164936943670e-01
5.546891334538459617e-01 3.482714874340928080e-01 9.703937911206127198e-02
6.644337217978686372e-01 3.056716821486883950e-01 2.989459605344289145e-02
6.165148597928555851e-01 2.150348211379022045e-01 1.684503190692421271e-01
5.547372475766287891e-01 3.128759035580652159e-01 1.323868488653059949e-01
4.506491259672266159e-01 3.324283405425738636e-01 2.169225334901994096e-01
7.115243755814116833e-01 2.131567198403801766e-01 7.531890457820816787e-02
4.966786862483527631e-01 3.721573135332054694e-01 1.311640002184418785e-01
5.588172541292582007e-01 2.957990862909188334e-01 1.453836595798230213e-01
4.379212031136249794e-01 4.551944052860964485e-01 1.068843916002785721e-01
4.319186049756157941e-01 2.551921968391319684e-01 3.128891981852521820e-01
8.291084685218785832e-01 1.538286512748886781e-01 1.706288020323267970e-02
6.321674632153655438e-01 2.967124861775345401e-01 7.112005060709987447e-02
6.624983379966679076e-01 2.912046596272652166e-01 4.629700237606707708e-02
5.441277834627968879e-01 3.362886668855311623e-01 1.195835496516719082e-01
5.393793576424309455e-01 3.997395680673256901e-01 6.088107429024348233e-02
5.209971104690988009e-01 3.835180157601267847e-01 9.548487377077440053e-02
5.778419895131811090e-01 3.681180092527983616e-01 5.404000123402049466e-02
6.821069100909846750e-01 2.428713467799775705e-01 7.502174312903776843e-02
6.009235310381619843e-01 3.256232853984066811e-01 7.345318356343134847e-02
7.180721117425191702e-01 2.433951687757212601e-01 3.853271948175964606e-02
6.052061212433930137e-01 2.663221055526898140e-01 1.284717732039172000e-01
4.034314367024797732e-01 4.278564119122215126e-01 1.687121513852987142e-01
1.928621460733714876e-01 4.032824738360615280e-01 4.038553800905670399e-01
3.868687655255291236e-01 3.418014345442433877e-01 2.713297999302274888e-01
6.429397930608325984e-01 3.310763592883074757e-01 2.598384765086000567e-02
3.890223376191929705e-01 4.381514711264555273e-01 1.728261912543513912e-01
3.544229420293784072e-01 4.770825757061188943e-01 1.684944822645027540e-01
6.702893024134046751e-01 2.739583751694684155e-01 5.575232241712695797e-02
5.379545086805033183e-01 3.562642063788502012e-01 1.057812849406464389e-01
1.589842053958333001e-01 6.544478181383288629e-01 1.865679764658378648e-01
2.681248904991912485e-01 3.826754560560941543e-01 3.491996534447146527e-01
6.337583294192604688e-01 2.778238757383862945e-01 8.841779484235323672e-02
7.312974471152711153e-01 2.098664564243551411e-01 5.883609646037375046e-02
7.324220355246450209e-01 2.110301351226729349e-01 5.654782935268198862e-02
5.296056483415393368e-01 3.845494672654532486e-01 8.584488439300744234e-02
6.253993812673337427e-01 3.221402525939914274e-01 5.246036613867487847e-02
5.162327061931086813e-01 3.514768117782168799e-01 1.322904820286746053e-01
5.257140394290358287e-01 3.741098279404834193e-01 1.001761326304807798e-01
6.844466895567079545e-01 2.608197780675745592e-01 5.473353237571743080e-02
4.504516465443064721e-01 3.005246166736699198e-01 2.490237367820236636e-01
5.766473669185672168e-01 3.534371185594125109e-01 6.991551452202020289e-02
5.498835773559311857e-01 3.424108818118986597e-01 1.077055408321700714e-01
2.236810068374869287e-01 4.876105710646398972e-01 2.887084220978732851e-01
4.693392837083223967e-01 3.973249258450399779e-01 1.333357904466375143e-01
6.801169123803689764e-01 2.266485445940775445e-01 9.323454302555338191e-02
3.981305002559276662e-01 3.526207342973720071e-01 2.492487654467002711e-01
6.535085893458426609e-01 2.668253311852147869e-01 7.966607946894245507e-02
5.627455326523191914e-01 3.206413818455141618e-01 1.166130855021668411e-01
5.558443832908607218e-01 3.451836016271079277e-01 9.897201508203139209e-02
2.186935746822651350e-01 3.774272398134658757e-01 4.038791855042688783e-01
3.453191420127838529e-01 3.557986470823323311e-01 2.988822109048839271e-01
6.390442628064716413e-01 2.543254040010366479e-01 1.066303331924918357e-01
6.370283090888000377e-01 2.952214096438668944e-01 6.775028126733315115e-02
7.133114517936145482e-01 2.166489281559420554e-01 7.003962005044329919e-02
5.102968338283160321e-01 3.730964939288871629e-01 1.166066722427966940e-01
7.441041369052920906e-01 2.086515356156664336e-01 4.724432747904144803e-02
5.909960092578123714e-01 2.590445750380472867e-01 1.499594157041403697e-01
5.138797868309497030e-01 4.008931885996156463e-01 8.522702456943456739e-02
6.546127024947088202e-01 2.126940173336785700e-01 1.326932801716126098e-01
6.616267754910534205e-01 2.882949833713039367e-01 5.007824113764271223e-02
4.222855579423374639e-01 4.343901163866158432e-01 1.433243256710466096e-01
6.027502150851772322e-01 3.013321389862107513e-01 9.591764592861197480e-02
6.091515244426808362e-01 3.427614451311959409e-01 4.808703042612322287e-02
6.233442179822290541e-01 2.061986603352168324e-01 1.704571216825541691e-01
3.606174801825716703e-01 4.580829223256531746e-01 1.812995974917750719e-01
4.913794944999226866e-01 4.194448663563228319e-01 8.917563914375450929e-02
5.167655794515038092e-01 3.635507416534057845e-01 1.196836788950902397e-01
5.919788787188919876e-01 3.600084399434258509e-01 4.801268133768214763e-02
6.332688182198249471e-01 3.059972264684170939e-01 6.073395531175800055e-02
5.405088334617436097e-01 3.238926798268853546e-01 1.355984867113709802e-01
3.033725091378392524e-01 4.058842980829041047e-01 2.907431927792565873e-01
6.366431010504041144e-01 2.959567356319605658e-01 6.740016331763531987e-02
4.858788278842343100e-01 3.402361903887025085e-01 1.738849817270630704e-01
6.407336539611299120e-01 2.813013624217302056e-01 7.796498361713992409e-02
7.254435554256344343e-01 2.064276881306592315e-01 6.812875644370636197e-02
6.552560113392009722e-01 2.686456270450843231e-01 7.609836161571456592e-02
2.156458672349751970e-01 4.011206210019845897e-01 3.832335117630401577e-01
5.785041285401458788e-01 3.515119364425550175e-01 6.998393501729910371e-02
7.217470762609288215e-01 2.209786137667740513e-01 5.727430997229707166e-02
3.435333432946027776e-01 4.955876706272011045e-01 1.608789860781961456e-01
6.414546913413620155e-01 2.761226221329349251e-01 8.242268652570307330e-02
4.795387261436347970e-01 3.491525242902625559e-01 1.713087495661027582e-01
5.213692603752895227e-01 3.290256455185686657e-01 1.496050941061417838e-01
6.080497976776439994e-01 2.957509066128142239e-01 9.619929570954177667e-02
3.699742059389725113e-01 4.080789788673035989e-01 2.219468151937238343e-01
3.885324886706014169e-01 3.361774007098457528e-01 2.752901106195528858e-01
5.256407552821119600e-01 4.109706087848060130e-01 6.338863593308199929e-02
4.198166384151112429e-01 4.810259266526794031e-01 9.915743493220924298e-02
5.691803130518257037e-01 3.503962765287590986e-01 8.042341041941525326e-02
8.310233750217870252e-01 1.515387117789485094e-01 1.743791319926445149e-02
5.891373862876966294e-01 3.247568220790664761e-01 8.610579163323701934e-02
4.406184346765983362e-01 3.433582521046862901e-01 2.160233132187154292e-01
3.648434732390689605e-01 4.306740584337414579e-01 2.044824683271896648e-01
6.722177579671707592e-01 2.495854104752814051e-01 7.819683155754791892e-02
4.351921397939552683e-01 4.354173803226806250e-01 1.293904798833640235e-01
7.151925750294997330e-01 2.174257774446365921e-01 6.738164752586364714e-02
5.407150341425018825e-01 3.556922972729684163e-01 1.035926685845298401e-01
6.816769352857852127e-01 2.476836423990904923e-01 7.063942231512430892e-02
8.337875855119690760e-01 1.300546531393733107e-01 3.615776134865757163e-02
4.120497381208526599e-01 4.341507468797115021e-01 1.537995149994357824e-01
6.011267329200544740e-01 3.102257629559808105e-01 8.864750412396472934e-02
2.766600765397917439e-01 5.841990914079708830e-01 1.391408320522373177e-01
6.028910198758099526e-01 3.546757184209495262e-01 4.243326170324047963e-02
5.535357059303885885e-01 3.934043758809599445e-01 5.305991818865145315e-02
5.282862805299600728e-01 3.168543086474642223e-01 1.548594108225757049e-01
6.634234141775599003e-01 2.462276037372320980e-01 9.034898208520804330e-02
6.420597247132060481e-01 3.054724504495680004e-01 5.246782483722600005e-02
1.551230637511251398e-01 6.638705819902859240e-01 1.810063542585889085e-01
3.803562274393029741e-01 4.792244544757855995e-01 1.404193180849115652e-01
5.108739608676948762e-01 3.961489799786585553e-01 9.297705915364652685e-02
